99853464663

92450976727

107845838064

97931642607

108710454956

184165763977

204348899934

206313288769





68173783115

71681905629

67839512631

79117557630

82648068546

83553686767










78313882273

81103808302

83387824003

106591670463

107837625505

107910456691

236891742162

218336835475

228384773734


webdav:
74685678405
457210387477
447950145204
448871852249
448904777283
461420932204
475240244045
478866433650
478888118317
478956509402
74604962120
76724605198
78309134020
445873467860
446692647590
447709234559
464132228680
454530547211
465588567431
465735747732
71500502765
415530872946
415712622341
417541671673
419416913895
424929433263
435511758329
449001200088
440647927343
451514222630
43394053341
447724444093
458806241518
458969052351
458985947686
469373702564
464099339204
466845487369
468773715484
479767752070

webdav:
74685678405

457210387477

447950145204

448871852249

448904777283

461420932204

475240244045

478866433650

478888118317

478956509402


74604962120

76724605198

78309134020

445873467860

446692647590

447709234559

464132228680

454530547211

465588567431

465735747732

71500502765

415530872946

415712622341

417541671673

419416913895

424929433263

435511758329

449001200088

440647927343

451514222630


43394053341

447724444093

458806241518

458969052351

458985947686

469373702564

464099339204

466845487369

468773715484

479767752070


ecs:

88927698073
91424171023
92884160264
94910770138
259282378803
262969321331
263991949212
264022152954
430357392518
59489352837
107186827804
112412079519
103241947893
113741628116
114309722849
241280682078
252726852766
253655790477
243726189108
173860495501
413454335831
425390282945
433454611990
442449898618
435912437697
436449280744
436584257328
448502449957
441468866108


434324665971
428086226698
428105199791
433635382907
446600293808
430448367467
430540391990
449922649768
460831789255
463691582233


98876255105
84590119903
102895658838
102715017044
103637195015
415517661013
415536821261
431906097316
441691544299
442838164676

422379061155
424191495879
430841472819
430842978094
432030463808
433395504238
435405025081
444015340383
450374254067
451503147778


|s3		     |  webdav		|ecs                  |
| ----------|--------------|     ---------------      |
|99853464663	|	74685678405	|	98876255105   |
|92450976727	|	457210387477|	84590119903   |
|107845838064|	447950145204|	102895658838      |
|97931642607	|	448871852249|	102715017044  |
|108710454956|	448904777283|	103637195015      |
|184165763977|	461420932204|	415517661013      |
|204348899934|	475240244045|	415536821261      |
|206313288769|	478866433650|	431906097316      |
|68173783115	|	478888118317|	441691544299  |
|71681905629	|	478956509402|	442838164676  |
|67839512631	|	74604962120	|	173860495501  |
|79117557630	|	76724605198	|	413454335831  |
|82648068546	|	78309134020	|	425390282945  |
|83553686767	|	445873467860|	433454611990  |
|78313882273	|	446692647590|	442449898618  |
|81103808302	|	447709234559|	435912437697  |
|83387824003	|	464132228680|	436449280744  |
|106591670463|	454530547211|	436584257328      |
|107837625505|	465588567431|	448502449957      |
|107910456691|	465735747732|	441468866108      |
|236891742162|	71500502765	|	434324665971      |
|218336835475|	415530872946|	428086226698      |
|228384773734|	415712622341|	428105199791      |
|46432672748 |  417541671673|	433635382907      |
|102885037864 |  419416913895|	446600293808      |
|93661769802|	424929433263|	430448367467      |
|106306435884|	435511758329|	430540391990      |
|108635665821 |  449001200088|	449922649768      |
|108838758276|	440647927343|	460831789255      |
|98732002942|	451514222630|	463691582233      |
|214501433052|	43394053341	|	422379061155      |
|439379117674|	447724444093|	424191495879      |
|255424761199|	458806241518|	430841472819      |
|264750661226|	458969052351|	430842978094      |
|253141257002|	458985947686|	432030463808      |
|253156618447|	469373702564|	433395504238      |
|112668125881|	464099339204|	435405025081      |
|101780428519|	466845487369|	444015340383      |
|101569370784|	468773715484|	450374254067      |
|	        |	479767752070|	451503147778      |
|	AVG		|	    AVG        |        AVG             |
|121886672288|	395723577040|	387222418609      |
| AVG in SEC |  AVG in SEC    |  AVG in SEC
|121.8866723	|	395.723577	|	387.2224186   |